"STEPHENS" "ECR" "ECR-ITERATIVE-1"
"z.1" 3 3 3
"z.2" 7 7 7
"z.3" 5 5 5
"z.4" 7 7 7
"z.5" 3 3 3
"z.6" 6 6 6
"z.7" 7 7 7
"z.8" 7 7 7
"z.9" 3 3 3
"z.10" 7 7 7
"z.11" 3 3 3
"z.12" 3 3 3
"z.13" 3 3 3
"z.14" 3 3 3
"z.15" 7 7 7
"z.16" 5 5 5
"z.17" 6 6 6
"z.18" 3 3 3
"z.19" 3 3 3
"z.20" 7 7 7
"z.21" 3 3 3
"z.22" 6 6 6
"z.23" 1 1 1
"z.24" 6 6 6
"z.25" 2 2 2
"z.26" 7 7 7
"z.27" 1 1 1
"z.28" 6 6 6
"z.29" 1 1 1
"z.30" 7 7 7
"z.31" 3 3 3
"z.32" 7 7 7
"z.33" 3 3 3
"z.34" 3 3 3
"z.35" 7 7 7
"z.36" 3 3 3
"z.37" 7 7 7
"z.38" 7 7 7
"z.39" 3 3 3
"z.40" 3 3 3
"z.41" 5 5 5
"z.42" 7 7 7
"z.43" 7 7 7
"z.44" 1 1 1
"z.45" 7 7 7
"z.46" 7 7 7
"z.47" 3 3 3
"z.48" 7 7 7
"z.49" 7 7 7
"z.50" 2 2 2
"z.51" 7 7 7
"z.52" 3 3 3
"z.53" 3 3 3
"z.54" 3 3 3
"z.55" 3 3 3
"z.56" 1 1 1
"z.57" 9 9 9
"z.58" 1 1 1
"z.59" 1 1 1
"z.60" 6 6 6
"z.61" 6 6 6
"z.62" 5 5 5
"z.63" 1 1 1
"z.64" 6 6 6
"z.65" 5 5 5
"z.66" 9 9 9
"z.67" 6 6 6
"z.68" 3 3 3
"z.69" 3 3 3
"z.70" 9 9 9
"z.71" 6 6 6
"z.72" 5 5 5
"z.73" 5 5 5
"z.74" 1 1 1
"z.75" 1 1 1
"z.76" 6 6 6
"z.77" 1 1 1
"z.78" 1 1 1
"z.79" 6 6 6
"z.80" 3 3 3
"z.81" 5 5 5
"z.82" 9 9 9
"z.83" 6 6 6
"z.84" 8 8 8
"z.85" 3 3 3
"z.86" 3 3 3
"z.87" 6 6 6
"z.88" 3 3 3
"z.89" 5 5 5
"z.90" 1 1 1
"z.91" 3 3 3
"z.92" 5 5 5
"z.93" 7 7 7
"z.94" 7 7 7
"z.95" 3 3 3
"z.96" 4 4 4
"z.97" 9 9 9
"z.98" 3 3 3
"z.99" 7 7 7
"z.100" 5 5 5
"z.101" 1 1 1
"z.102" 7 7 7
"z.103" 7 7 7
"z.104" 9 9 9
"z.105" 3 3 3
"z.106" 5 5 5
"z.107" 3 3 3
"z.108" 6 6 6
"z.109" 5 5 5
"z.110" 6 6 6
"z.111" 6 6 6
"z.112" 8 8 8
"z.113" 8 8 8
"z.114" 1 1 1
"z.115" 4 4 4
"z.116" 1 1 1
"z.117" 4 4 4
"z.118" 4 4 4
"z.119" 1 1 1
"z.120" 1 1 1
"z.121" 8 8 8
"z.122" 8 8 8
"z.123" 8 8 8
"z.124" 3 3 3
"z.125" 8 8 8
"z.126" 2 2 2
"z.127" 4 4 4
"z.128" 7 7 7
"z.129" 5 5 5
"z.130" 7 7 7
"z.131" 8 8 8
"z.132" 5 5 5
"z.133" 5 5 5
"z.134" 1 1 1
"z.135" 4 4 4
"z.136" 1 1 1
"z.137" 3 3 3
"z.138" 4 4 4
"z.139" 8 8 8
"z.140" 8 8 8
"z.141" 5 5 5
"z.142" 3 3 3
"z.143" 1 1 1
"z.144" 1 1 1
"z.145" 1 1 1
"z.146" 1 1 1
"z.147" 1 1 1
"z.148" 1 1 1
"z.149" 6 6 6
"z.150" 1 1 1
"z.151" 1 1 1
"z.152" 1 1 1
"z.153" 1 1 1
"z.154" 2 2 2
"z.155" 1 1 1
"z.156" 1 1 1
"z.157" 1 1 1
"z.158" 1 1 1
"z.159" 1 1 1
"z.160" 4 4 4
"z.161" 1 1 1
"z.162" 1 1 1
"z.163" 4 4 4
"z.164" 4 4 4
"z.165" 5 5 5
"z.166" 1 1 1
"z.167" 3 3 3
"z.168" 8 8 8
"z.169" 8 8 8
"z.170" 6 6 6
"z.171" 6 6 6
"z.172" 8 8 8
"z.173" 8 8 8
"z.174" 6 6 6
"z.175" 6 6 6
"z.176" 7 7 7
"z.177" 6 6 6
"z.178" 1 1 1
"z.179" 6 6 6
"z.180" 1 1 1
"z.181" 4 4 4
"z.182" 1 1 1
"z.183" 1 1 1
"z.184" 9 9 9
"z.185" 1 1 1
"z.186" 1 1 1
"z.187" 1 1 1
"z.188" 1 1 1
"z.189" 6 6 6
"z.190" 1 1 1
"z.191" 2 2 2
"z.192" 1 1 1
"z.193" 1 1 1
"z.194" 1 1 1
"z.195" 1 1 1
"z.196" 2 2 2
"z.197" 1 1 1
"z.198" 2 2 2
"z.199" 1 1 1
"z.200" 4 4 4
"z.201" 8 8 8
"z.202" 1 1 1
"z.203" 1 1 1
"z.204" 1 1 1
"z.205" 1 1 1
"z.206" 1 1 1
"z.207" 1 1 1
"z.208" 6 6 6
"z.209" 6 6 6
"z.210" 6 6 6
"z.211" 8 8 8
"z.212" 8 8 8
"z.213" 7 7 7
"z.214" 8 8 8
"z.215" 6 6 6
"z.216" 8 8 8
"z.217" 1 1 1
"z.218" 4 4 4
"z.219" 6 6 6
"z.220" 8 8 8
"z.221" 7 7 7
"z.222" 1 1 1
"z.223" 8 8 8
"z.224" 3 3 3
"z.225" 6 6 6
"z.226" 7 7 7
"z.227" 1 1 1
"z.228" 7 7 7
"z.229" 7 7 7
"z.230" 5 5 5
"z.231" 7 7 7
"z.232" 7 7 7
"z.233" 7 7 7
"z.234" 7 7 7
"z.235" 7 7 7
"z.236" 2 2 2
"z.237" 5 5 5
"z.238" 1 1 1
"z.239" 1 1 1
"z.240" 9 9 9
"z.241" 9 9 9
"z.242" 9 9 9
"z.243" 4 4 4
"z.244" 4 4 4
"z.245" 3 3 3
"z.246" 4 4 4
"z.247" 3 3 3
"z.248" 3 3 3
"z.249" 1 1 1
"z.250" 1 1 1
"z.251" 6 6 6
"z.252" 1 1 1
"z.253" 1 1 1
"z.254" 1 1 1
"z.255" 1 1 1
"z.256" 1 1 1
"z.257" 1 1 1
"z.258" 4 4 4
"z.259" 1 1 1
"z.260" 1 1 1
"z.261" 1 1 1
"z.262" 1 1 1
"z.263" 1 1 1
"z.264" 2 2 2
"z.265" 2 2 2
"z.266" 1 1 1
"z.267" 3 3 3
"z.268" 6 6 6
"z.269" 1 1 1
"z.270" 6 6 6
"z.271" 8 8 8
"z.272" 7 7 7
"z.273" 7 7 7
"z.274" 8 8 8
"z.275" 3 3 3
"z.276" 1 1 1
"z.277" 5 5 5
"z.278" 3 3 3
"z.279" 4 4 4
"z.280" 1 1 1
"z.281" 1 1 1
"z.282" 1 1 1
"z.283" 6 6 6
"z.284" 9 9 9
"z.285" 5 5 5
"z.286" 9 9 9
"z.287" 7 7 7
"z.288" 5 5 5
"z.289" 7 7 7
"z.290" 7 7 7
"z.291" 5 5 5
"z.292" 5 5 5
"z.293" 7 7 7
"z.294" 9 9 9
"z.295" 9 9 9
"z.296" 5 5 5
"z.297" 1 1 1
"z.298" 2 2 2
"z.299" 7 7 7
"z.300" 5 5 5
"z.301" 7 7 7
"z.302" 9 9 9
"z.303" 5 5 5
"z.304" 7 7 7
"z.305" 5 5 5
"z.306" 4 4 4
"z.307" 1 1 1
"z.308" 1 1 1
"z.309" 4 4 4
"z.310" 5 5 5
"z.311" 3 3 3
"z.312" 5 5 5
"z.313" 7 7 7
"z.314" 5 5 5
"z.315" 9 9 9
"z.316" 7 7 7
"z.317" 1 1 1
"z.318" 1 1 1
"z.319" 2 2 2
"z.320" 2 2 2
"z.321" 2 2 2
"z.322" 1 1 1
"z.323" 1 1 1
"z.324" 1 1 1
"z.325" 1 1 1
"z.326" 2 2 2
"z.327" 1 1 1
"z.328" 1 1 1
"z.329" 2 2 2
"z.330" 1 1 1
"z.331" 1 1 1
"z.332" 1 1 1
"z.333" 1 1 1
"z.334" 4 4 4
"z.335" 1 1 1
"z.336" 7 7 7
"z.337" 6 6 6
"z.338" 7 7 7
"z.339" 1 1 1
"z.340" 1 1 1
"z.341" 6 6 6
"z.342" 6 6 6
"z.343" 6 6 6
"z.344" 8 8 8
"z.345" 7 7 7
"z.346" 9 9 9
"z.347" 5 5 5
"z.348" 9 9 9
"z.349" 7 7 7
"z.350" 7 7 7
"z.351" 7 7 7
"z.352" 5 5 5
"z.353" 9 9 9
"z.354" 7 7 7
"z.355" 7 7 7
"z.356" 7 7 7
"z.357" 7 7 7
"z.358" 7 7 7
"z.359" 1 1 1
"z.360" 1 1 1
"z.361" 3 3 3
"z.362" 3 3 3
"z.363" 8 8 8
"z.364" 5 5 5
"z.365" 5 5 5
"z.366" 1 1 1
"z.367" 4 4 4
"z.368" 1 1 1
"z.369" 4 4 4
"z.370" 4 4 4
"z.371" 7 7 7
"z.372" 9 9 9
"z.373" 5 5 5
"z.374" 7 7 7
"z.375" 7 7 7
"z.376" 7 7 7
"z.377" 7 7 7
"z.378" 5 5 5
"z.379" 9 9 9
"z.380" 5 5 5
"z.381" 3 3 3
"z.382" 4 4 4
"z.383" 6 6 6
"z.384" 5 5 5
"z.385" 5 5 5
"z.386" 9 9 9
"z.387" 5 5 5
"z.388" 7 7 7
"z.389" 3 3 3
"z.390" 9 9 9
"z.391" 6 6 6
"z.392" 3 3 3
"z.393" 7 7 7
"z.394" 6 6 6
"z.395" 6 6 6
"z.396" 6 6 6
"z.397" 5 5 5
"z.398" 1 1 1
"z.399" 6 6 6
"z.400" 9 9 9
"z.401" 5 5 5
"z.402" 6 6 6
"z.403" 6 6 6
"z.404" 4 4 4
"z.405" 1 1 1
"z.406" 1 1 1
"z.407" 5 5 5
"z.408" 6 6 6
"z.409" 1 1 1
"z.410" 1 1 1
"z.411" 8 8 8
"z.412" 6 6 6
"z.413" 4 4 4
"z.414" 1 1 1
"z.415" 1 1 1
"z.416" 2 2 2
"z.417" 2 2 2
"z.418" 2 2 2
"z.419" 2 2 2
"z.420" 1 1 1
"z.421" 2 2 2
"z.422" 1 1 1
"z.423" 1 1 1
"z.424" 1 1 1
"z.425" 1 1 1
"z.426" 8 8 8
"z.427" 1 1 1
"z.428" 6 6 6
"z.429" 6 6 6
"z.430" 1 1 1
"z.431" 6 6 6
"z.432" 3 3 3
"z.433" 1 1 1
"z.434" 1 1 1
"z.435" 2 2 2
"z.436" 1 1 1
"z.437" 1 1 1
"z.438" 2 2 2
"z.439" 2 2 2
"z.440" 1 1 1
"z.441" 1 1 1
"z.442" 8 8 8
"z.443" 6 6 6
"z.444" 1 1 1
"z.445" 6 6 6
"z.446" 6 6 6
"z.447" 5 5 5
"z.448" 6 6 6
"z.449" 1 1 1
"z.450" 8 8 8
"z.451" 8 8 8
"z.452" 8 8 8
"z.453" 4 4 4
"z.454" 8 8 8
"z.455" 1 1 1
"z.456" 1 1 1
"z.457" 1 1 1
"z.458" 1 1 1
"z.459" 1 1 1
"z.460" 1 1 1
"z.461" 1 1 1
"z.462" 8 8 8
"z.463" 2 2 2
"z.464" 6 6 6
"z.465" 2 2 2
"z.466" 1 1 1
"z.467" 2 2 2
"z.468" 1 1 1
"z.469" 1 1 1
"z.470" 5 5 5
"z.471" 1 1 1
"z.472" 1 1 1
"z.473" 8 8 8
"z.474" 4 4 4
"z.475" 1 1 1
"z.476" 1 1 1
"z.477" 4 4 4
"z.478" 1 1 1
"z.479" 7 7 7
"z.480" 4 4 4
"z.481" 6 6 6
"z.482" 1 1 1
"z.483" 3 3 3
"z.484" 1 1 1
"z.485" 1 1 1
"z.486" 6 6 6
"z.487" 3 3 3
"z.488" 5 5 5
"z.489" 1 1 1
"z.490" 3 3 3
"z.491" 3 3 3
"z.492" 5 5 5
"z.493" 7 7 7
"z.494" 3 3 3
"z.495" 6 6 6
"z.496" 4 4 4
"z.497" 3 3 3
"z.498" 6 6 6
"z.499" 7 7 7
"z.500" 5 5 5
"z.501" 7 7 7
"z.502" 3 3 3
"z.503" 5 5 5
"z.504" 7 7 7
"z.505" 3 3 3
"z.506" 5 5 5
"z.507" 7 7 7
"z.508" 3 3 3
"z.509" 8 8 8
"z.510" 3 3 3
"z.511" 8 8 8
"z.512" 6 6 6
"z.513" 1 1 1
"z.514" 5 5 5
"z.515" 6 6 6
"z.516" 7 7 7
"z.517" 9 9 9
"z.518" 1 1 1
"z.519" 9 9 9
"z.520" 8 8 8
"z.521" 9 9 9
"z.522" 9 9 9
"z.523" 1 1 1
"z.524" 6 6 6
"z.525" 7 7 7
"z.526" 6 6 6
"z.527" 3 3 3
"z.528" 5 5 5
"z.529" 5 5 5
"z.530" 7 7 7
"z.531" 9 9 9
"z.532" 9 9 9
"z.533" 5 5 5
"z.534" 9 9 9
"z.535" 2 2 2
"z.536" 9 9 9
"z.537" 6 6 6
"z.538" 5 5 5
"z.539" 4 4 4
"z.540" 3 3 3
"z.541" 4 4 4
"z.542" 5 5 5
"z.543" 3 3 3
"z.544" 7 7 7
"z.545" 3 3 3
"z.546" 7 7 7
"z.547" 6 6 6
"z.548" 3 3 3
"z.549" 3 3 3
"z.550" 3 3 3
"z.551" 1 1 1
"z.552" 4 4 4
"z.553" 1 1 1
"z.554" 1 1 1
"z.555" 2 2 2
"z.556" 4 4 4
"z.557" 1 1 1
"z.558" 1 1 1
"z.559" 1 1 1
"z.560" 1 1 1
"z.561" 1 1 1
"z.562" 1 1 1
"z.563" 1 1 1
"z.564" 2 2 2
"z.565" 1 1 1
"z.566" 1 1 1
"z.567" 1 1 1
"z.568" 1 1 1
"z.569" 1 1 1
"z.570" 1 1 1
"z.571" 4 4 4
"z.572" 1 1 1
"z.573" 5 5 5
"z.574" 5 5 5
"z.575" 7 7 7
"z.576" 3 3 3
"z.577" 8 8 8
"z.578" 6 6 6
"z.579" 8 8 8
"z.580" 3 3 3
"z.581" 3 3 3
"z.582" 7 7 7
"z.583" 8 8 8
"z.584" 6 6 6
"z.585" 7 7 7
"z.586" 8 8 8
"z.587" 3 3 3
"z.588" 3 3 3
"z.589" 3 3 3
"z.590" 3 3 3
"z.591" 3 3 3
"z.592" 7 7 7
"z.593" 8 8 8
"z.594" 8 8 8
"z.595" 7 7 7
"z.596" 5 5 5
"z.597" 7 7 7
"z.598" 7 7 7
"z.599" 7 7 7
"z.600" 5 5 5
"z.601" 7 7 7
"z.602" 5 5 5
"z.603" 7 7 7
"z.604" 7 7 7
"z.605" 7 7 7
"z.606" 7 7 7
"z.607" 7 7 7
"z.608" 7 7 7
"z.609" 7 7 7
"z.610" 9 9 9
"z.611" 9 9 9
"z.612" 1 1 1
"z.613" 7 7 7
"z.614" 9 9 9
"z.615" 9 9 9
"z.616" 7 7 7
"z.617" 5 5 5
"z.618" 4 4 4
"z.619" 8 8 8
"z.620" 7 7 7
"z.621" 7 7 7
"z.622" 7 7 7
"z.623" 9 9 9
"z.624" 7 7 7
"z.625" 7 7 7
"z.626" 7 7 7
"z.627" 3 3 3
"z.628" 5 5 5
"z.629" 7 7 7
"z.630" 7 7 7
"z.631" 5 5 5
"z.632" 5 5 5
"z.633" 7 7 7
"z.634" 3 3 3
"z.635" 7 7 7
"z.636" 7 7 7
"z.637" 9 9 9
"z.638" 7 7 7
"z.639" 9 9 9
"z.640" 7 7 7
"z.641" 9 9 9
"z.642" 1 1 1
"z.643" 9 9 9
"z.644" 5 5 5
"z.645" 4 4 4
"z.646" 9 9 9
"z.647" 7 7 7
"z.648" 7 7 7
"z.649" 7 7 7
"z.650" 5 5 5
"z.651" 7 7 7
"z.652" 7 7 7
"z.653" 9 9 9
"z.654" 7 7 7
"z.655" 7 7 7
"z.656" 7 7 7
"z.657" 7 7 7
"z.658" 5 5 5
"z.659" 9 9 9
"z.660" 9 9 9
"z.661" 9 9 9
"z.662" 7 7 7
"z.663" 2 2 2
"z.664" 5 5 5
"z.665" 9 9 9
"z.666" 7 7 7
"z.667" 9 9 9
"z.668" 7 7 7
"z.669" 7 7 7
"z.670" 7 7 7
"z.671" 9 9 9
"z.672" 5 5 5
"z.673" 9 9 9
"z.674" 9 9 9
"z.675" 9 9 9
"z.676" 9 9 9
"z.677" 1 1 1
"z.678" 9 9 9
"z.679" 4 4 4
"z.680" 1 1 1
"z.681" 4 4 4
"z.682" 3 3 3
"z.683" 9 9 9
"z.684" 2 2 2
"z.685" 1 1 1
"z.686" 2 2 2
"z.687" 4 4 4
"z.688" 1 1 1
"z.689" 1 1 1
"z.690" 8 8 8
"z.691" 1 1 1
"z.692" 4 4 4
"z.693" 2 2 2
"z.694" 1 1 1
"z.695" 1 1 1
"z.696" 1 1 1
"z.697" 1 1 1
"z.698" 1 1 1
"z.699" 1 1 1
"z.700" 1 1 1
"z.701" 4 4 4
"z.702" 2 2 2
"z.703" 1 1 1
"z.704" 9 9 9
"z.705" 2 2 2
"z.706" 9 9 9
"z.707" 9 9 9
"z.708" 9 9 9
"z.709" 2 2 2
"z.710" 9 9 9
"z.711" 9 9 9
"z.712" 9 9 9
"z.713" 2 2 2
"z.714" 9 9 9
"z.715" 9 9 9
"z.716" 2 2 2
"z.717" 1 1 1
"z.718" 1 1 1
"z.719" 1 1 1
"z.720" 9 9 9
"z.721" 9 9 9
"z.722" 2 2 2
"z.723" 2 2 2
"z.724" 2 2 2
"z.725" 9 9 9
"z.726" 2 2 2
"z.727" 2 2 2
"z.728" 9 9 9
"z.729" 9 9 9
"z.730" 2 2 2
"z.731" 2 2 2
"z.732" 7 7 7
"z.733" 9 9 9
"z.734" 9 9 9
"z.735" 9 9 9
"z.736" 9 9 9
"z.737" 9 9 9
"z.738" 9 9 9
"z.739" 9 9 9
"z.740" 9 9 9
"z.741" 2 2 2
"z.742" 9 9 9
"z.743" 7 7 7
"z.744" 9 9 9
"z.745" 9 9 9
"z.746" 9 9 9
"z.747" 9 9 9
"z.748" 9 9 9
"z.749" 9 9 9
"z.750" 2 2 2
"z.751" 9 9 9
"z.752" 9 9 9
"z.753" 9 9 9
"z.754" 7 7 7
"z.755" 5 5 5
"z.756" 5 5 5
"z.757" 5 5 5
"z.758" 9 9 9
"z.759" 9 9 9
"z.760" 7 7 7
"z.761" 7 7 7
"z.762" 9 9 9
"z.763" 9 9 9
"z.764" 9 9 9
"z.765" 9 9 9
"z.766" 9 9 9
"z.767" 5 5 5
"z.768" 7 7 7
"z.769" 9 9 9
"z.770" 7 7 7
"z.771" 7 7 7
"z.772" 7 7 7
"z.773" 7 7 7
"z.774" 7 7 7
"z.775" 7 7 7
"z.776" 9 9 9
"z.777" 7 7 7
"z.778" 7 7 7
"z.779" 5 5 5
"z.780" 7 7 7
"z.781" 7 7 7
"z.782" 9 9 9
"z.783" 7 7 7
"z.784" 7 7 7
"z.785" 7 7 7
"z.786" 7 7 7
"z.787" 9 9 9
"z.788" 7 7 7
"z.789" 7 7 7
"z.790" 7 7 7
"z.791" 7 7 7
"z.792" 7 7 7
"z.793" 7 7 7
"z.794" 7 7 7
"z.795" 7 7 7
"z.796" 7 7 7
"z.797" 9 9 9
"z.798" 7 7 7
"z.799" 9 9 9
"z.800" 1 1 1
"z.801" 2 2 2
"z.802" 2 2 2
"z.803" 1 1 1
"z.804" 1 1 1
"z.805" 2 2 2
"z.806" 9 9 9
"z.807" 2 2 2
"z.808" 5 5 5
"z.809" 5 5 5
"z.810" 9 9 9
"z.811" 9 9 9
"z.812" 9 9 9
"z.813" 9 9 9
"z.814" 2 2 2
"z.815" 9 9 9
"z.816" 9 9 9
"z.817" 2 2 2
"z.818" 9 9 9
"z.819" 9 9 9
"z.820" 7 7 7
"z.821" 7 7 7
"z.822" 5 5 5
"z.823" 9 9 9
"z.824" 7 7 7
"z.825" 7 7 7
"z.826" 9 9 9
"z.827" 7 7 7
"z.828" 7 7 7
"z.829" 5 5 5
"z.830" 9 9 9
"z.831" 5 5 5
"z.832" 9 9 9
"z.833" 9 9 9
"z.834" 7 7 7
"z.835" 5 5 5
"z.836" 7 7 7
"z.837" 5 5 5
"z.838" 9 9 9
"z.839" 9 9 9
"z.840" 5 5 5
"z.841" 1 1 1
"z.842" 1 1 1
"z.843" 1 1 1
"z.844" 1 1 1
"z.845" 2 2 2
"z.846" 2 2 2
"z.847" 9 9 9
"z.848" 9 9 9
"z.849" 7 7 7
"z.850" 7 7 7
"z.851" 7 7 7
"z.852" 7 7 7
"z.853" 7 7 7
"z.854" 9 9 9
"z.855" 5 5 5
"z.856" 9 9 9
"z.857" 7 7 7
"z.858" 5 5 5
"z.859" 7 7 7
"z.860" 7 7 7
"z.861" 7 7 7
"z.862" 5 5 5
"z.863" 6 6 6
"z.864" 1 1 1
"z.865" 1 1 1
"z.866" 6 6 6
"z.867" 3 3 3
"z.868" 5 5 5
"z.869" 5 5 5
"z.870" 7 7 7
"z.871" 1 1 1
"z.872" 9 9 9
"z.873" 9 9 9
"z.874" 9 9 9
"z.875" 9 9 9
"z.876" 9 9 9
"z.877" 7 7 7
"z.878" 9 9 9
"z.879" 9 9 9
"z.880" 9 9 9
"z.881" 9 9 9
"z.882" 7 7 7
"z.883" 9 9 9
"z.884" 5 5 5
"z.885" 6 6 6
"z.886" 3 3 3
"z.887" 7 7 7
"z.888" 5 5 5
"z.889" 5 5 5
"z.890" 7 7 7
"z.891" 7 7 7
"z.892" 7 7 7
"z.893" 7 7 7
"z.894" 5 5 5
"z.895" 7 7 7
"z.896" 7 7 7
"z.897" 7 7 7
"z.898" 7 7 7
"z.899" 9 9 9
"z.900" 7 7 7
"z.901" 7 7 7
"z.902" 7 7 7
"z.903" 7 7 7
"z.904" 7 7 7
"z.905" 5 5 5
"z.906" 8 8 8
"z.907" 7 7 7
"z.908" 3 3 3
"z.909" 7 7 7
"z.910" 9 9 9
"z.911" 5 5 5
"z.912" 5 5 5
"z.913" 7 7 7
"z.914" 5 5 5
"z.915" 7 7 7
"z.916" 7 7 7
"z.917" 7 7 7
"z.918" 2 2 2
"z.919" 4 4 4
"z.920" 5 5 5
"z.921" 9 9 9
"z.922" 9 9 9
"z.923" 4 4 4
"z.924" 7 7 7
"z.925" 7 7 7
"z.926" 9 9 9
"z.927" 7 7 7
"z.928" 9 9 9
"z.929" 5 5 5
"z.930" 7 7 7
"z.931" 7 7 7
"z.932" 7 7 7
"z.933" 5 5 5
"z.934" 7 7 7
"z.935" 7 7 7
"z.936" 9 9 9
"z.937" 1 1 1
"z.938" 9 9 9
"z.939" 5 5 5
"z.940" 9 9 9
"z.941" 1 1 1
"z.942" 9 9 9
"z.943" 4 4 4
"z.944" 2 2 2
"z.945" 7 7 7
"z.946" 3 3 3
"z.947" 1 1 1
"z.948" 1 1 1
"z.949" 2 2 2
"z.950" 2 2 2
"z.951" 9 9 9
"z.952" 1 1 1
"z.953" 2 2 2
"z.954" 9 9 9
"z.955" 4 4 4
"z.956" 3 3 3
"z.957" 5 5 5
"z.958" 4 4 4
"z.959" 6 6 6
"z.960" 3 3 3
"z.961" 7 7 7
"z.962" 5 5 5
"z.963" 9 9 9
"z.964" 1 1 1
"z.965" 8 8 8
"z.966" 2 2 2
"z.967" 6 6 6
"z.968" 8 8 8
"z.969" 4 4 4
"z.970" 8 8 8
"z.971" 7 7 7
"z.972" 1 1 1
"z.973" 3 3 3
"z.974" 9 9 9
"z.975" 4 4 4
"z.976" 4 4 4
"z.977" 4 4 4
"z.978" 5 5 5
"z.979" 3 3 3
"z.980" 3 3 3
"z.981" 7 7 7
"z.982" 5 5 5
"z.983" 7 7 7
"z.984" 7 7 7
"z.985" 5 5 5
"z.986" 5 5 5
"z.987" 7 7 7
"z.988" 7 7 7
"z.989" 7 7 7
"z.990" 9 9 9
"z.991" 5 5 5
"z.992" 8 8 8
"z.993" 8 8 8
"z.994" 1 1 1
"z.995" 5 5 5
"z.996" 1 1 1
"z.997" 8 8 8
"z.998" 8 8 8
"z.999" 5 5 5
"z.1000" 6 6 6
"z.1001" 5 5 5
"z.1002" 9 9 9
"z.1003" 7 7 7
"z.1004" 4 4 4
"z.1005" 5 5 5
"z.1006" 5 5 5
"z.1007" 7 7 7
"z.1008" 7 7 7
"z.1009" 4 4 4
"z.1010" 6 6 6
"z.1011" 3 3 3
"z.1012" 7 7 7
"z.1013" 7 7 7
"z.1014" 5 5 5
"z.1015" 7 7 7
"z.1016" 7 7 7
"z.1017" 7 7 7
"z.1018" 5 5 5
"z.1019" 7 7 7
"z.1020" 5 5 5
"z.1021" 7 7 7
"z.1022" 7 7 7
"z.1023" 3 3 3
"z.1024" 7 7 7
"z.1025" 7 7 7
"z.1026" 7 7 7
"z.1027" 3 3 3
"z.1028" 3 3 3
"z.1029" 7 7 7
"z.1030" 5 5 5
"z.1031" 7 7 7
"z.1032" 6 6 6
"z.1033" 8 8 8
"z.1034" 1 1 1
"z.1035" 1 1 1
"z.1036" 6 6 6
"z.1037" 1 1 1
"z.1038" 1 1 1
"z.1039" 3 3 3
"z.1040" 6 6 6
"z.1041" 1 1 1
"z.1042" 1 1 1
"z.1043" 4 4 4
"z.1044" 6 6 6
"z.1045" 1 1 1
"z.1046" 6 6 6
"z.1047" 8 8 8
"z.1048" 1 1 1
"z.1049" 1 1 1
"z.1050" 1 1 1
"z.1051" 8 8 8
"z.1052" 4 4 4
"z.1053" 3 3 3
"z.1054" 3 3 3
"z.1055" 3 3 3
"z.1056" 3 3 3
"z.1057" 3 3 3
"z.1058" 4 4 4
"z.1059" 3 3 3
"z.1060" 3 3 3
"z.1061" 3 3 3
"z.1062" 3 3 3
"z.1063" 6 6 6
"z.1064" 3 3 3
"z.1065" 7 7 7
"z.1066" 6 6 6
"z.1067" 3 3 3
"z.1068" 5 5 5
"z.1069" 9 9 9
"z.1070" 7 7 7
"z.1071" 1 1 1
"z.1072" 3 3 3
"z.1073" 8 8 8
"z.1074" 4 4 4
"z.1075" 4 4 4
"z.1076" 3 3 3
"z.1077" 9 9 9
"z.1078" 8 8 8
"z.1079" 5 5 5
"z.1080" 3 3 3
"z.1081" 3 3 3
"z.1082" 3 3 3
"z.1083" 3 3 3
"z.1084" 3 3 3
"z.1085" 3 3 3
"z.1086" 7 7 7
"z.1087" 3 3 3
"z.1088" 3 3 3
"z.1089" 3 3 3
"z.1090" 3 3 3
"z.1091" 1 1 1
"z.1092" 8 8 8
"z.1093" 3 3 3
"z.1094" 8 8 8
"z.1095" 6 6 6
"z.1096" 6 6 6
"z.1097" 6 6 6
"z.1098" 6 6 6
"z.1099" 5 5 5
"z.1100" 7 7 7
"z.1101" 1 1 1
"z.1102" 9 9 9
"z.1103" 1 1 1
"z.1104" 9 9 9
"z.1105" 2 2 2
"z.1106" 9 9 9
"z.1107" 9 9 9
"z.1108" 9 9 9
"z.1109" 9 9 9
"z.1110" 2 2 2
"z.1111" 9 9 9
"z.1112" 9 9 9
"z.1113" 2 2 2
"z.1114" 2 2 2
"z.1115" 9 9 9
"z.1116" 1 1 1
"z.1117" 2 2 2
"z.1118" 2 2 2
"z.1119" 9 9 9
"z.1120" 1 1 1
"z.1121" 9 9 9
"z.1122" 7 7 7
"z.1123" 2 2 2
"z.1124" 4 4 4
"z.1125" 2 2 2
"z.1126" 7 7 7
"z.1127" 2 2 2
"z.1128" 2 2 2
"z.1129" 7 7 7
"z.1130" 9 9 9
"z.1131" 9 9 9
"z.1132" 9 9 9
"z.1133" 9 9 9
"z.1134" 9 9 9
"z.1135" 9 9 9
"z.1136" 9 9 9
"z.1137" 9 9 9
"z.1138" 2 2 2
"z.1139" 9 9 9
"z.1140" 9 9 9
"z.1141" 2 2 2
"z.1142" 2 2 2
"z.1143" 9 9 9
"z.1144" 9 9 9
"z.1145" 9 9 9
"z.1146" 2 2 2
"z.1147" 9 9 9
"z.1148" 9 9 9
"z.1149" 5 5 5
"z.1150" 2 2 2
"z.1151" 1 1 1
"z.1152" 1 1 1
"z.1153" 4 4 4
"z.1154" 1 1 1
"z.1155" 2 2 2
"z.1156" 2 2 2
"z.1157" 2 2 2
"z.1158" 1 1 1
"z.1159" 4 4 4
"z.1160" 1 1 1
"z.1161" 1 1 1
"z.1162" 9 9 9
"z.1163" 9 9 9
"z.1164" 9 9 9
"z.1165" 9 9 9
"z.1166" 9 9 9
"z.1167" 9 9 9
"z.1168" 1 1 1
"z.1169" 9 9 9
"z.1170" 1 1 1
"z.1171" 2 2 2
"z.1172" 9 9 9
"z.1173" 2 2 2
"z.1174" 1 1 1
"z.1175" 9 9 9
"z.1176" 1 1 1
"z.1177" 9 9 9
"z.1178" 9 9 9
"z.1179" 2 2 2
"z.1180" 9 9 9
"z.1181" 2 2 2
"z.1182" 2 2 2
"z.1183" 2 2 2
"z.1184" 1 1 1
"z.1185" 1 1 1
"z.1186" 1 1 1
"z.1187" 1 1 1
"z.1188" 8 8 8
"z.1189" 2 2 2
"z.1190" 9 9 9
"z.1191" 1 1 1
"z.1192" 2 2 2
"z.1193" 2 2 2
"z.1194" 1 1 1
"z.1195" 2 2 2
"z.1196" 1 1 1
"z.1197" 1 1 1
"z.1198" 1 1 1
"z.1199" 1 1 1
"z.1200" 1 1 1
"z.1201" 1 1 1
"z.1202" 1 1 1
"z.1203" 4 4 4
"z.1204" 1 1 1
"z.1205" 1 1 1
"z.1206" 1 1 1
"z.1207" 1 1 1
"z.1208" 2 2 2
"z.1209" 2 2 2
"z.1210" 1 1 1
"z.1211" 1 1 1
"z.1212" 1 1 1
"z.1213" 1 1 1
"z.1214" 1 1 1
"z.1215" 1 1 1
"z.1216" 1 1 1
"z.1217" 1 1 1
"z.1218" 1 1 1
"z.1219" 1 1 1
"z.1220" 1 1 1
"z.1221" 1 1 1
"z.1222" 1 1 1
"z.1223" 1 1 1
"z.1224" 1 1 1
"z.1225" 1 1 1
"z.1226" 1 1 1
"z.1227" 1 1 1
"z.1228" 1 1 1
"z.1229" 4 4 4
"z.1230" 2 2 2
"z.1231" 9 9 9
"z.1232" 1 1 1
"z.1233" 1 1 1
"z.1234" 2 2 2
"z.1235" 1 1 1
"z.1236" 1 1 1
"z.1237" 1 1 1
"z.1238" 2 2 2
"z.1239" 4 4 4
"z.1240" 8 8 8
"z.1241" 1 1 1
"z.1242" 2 2 2
"z.1243" 8 8 8
"z.1244" 1 1 1
"z.1245" 5 5 5
"z.1246" 9 9 9
"z.1247" 7 7 7
"z.1248" 9 9 9
"z.1249" 7 7 7
"z.1250" 2 2 2
"z.1251" 2 2 2
"z.1252" 9 9 9
"z.1253" 1 1 1
"z.1254" 9 9 9
"z.1255" 2 2 2
"z.1256" 7 7 7
"z.1257" 7 7 7
"z.1258" 5 5 5
"z.1259" 7 7 7
"z.1260" 9 9 9
"z.1261" 2 2 2
"z.1262" 4 4 4
"z.1263" 5 5 5
"z.1264" 1 1 1
"z.1265" 1 1 1
"z.1266" 1 1 1
"z.1267" 2 2 2
"z.1268" 1 1 1
"z.1269" 1 1 1
"z.1270" 1 1 1
"z.1271" 1 1 1
"z.1272" 2 2 2
"z.1273" 2 2 2
"z.1274" 1 1 1
"z.1275" 1 1 1
"z.1276" 1 1 1
"z.1277" 1 1 1
"z.1278" 1 1 1
"z.1279" 1 1 1
"z.1280" 4 4 4
"z.1281" 1 1 1
"z.1282" 2 2 2
"z.1283" 4 4 4
"z.1284" 1 1 1
"z.1285" 1 1 1
"z.1286" 1 1 1
"z.1287" 1 1 1
"z.1288" 2 2 2
"z.1289" 9 9 9
"z.1290" 3 3 3
"z.1291" 4 4 4
"z.1292" 2 2 2
"z.1293" 1 1 1
"z.1294" 1 1 1
"z.1295" 1 1 1
"z.1296" 7 7 7
"z.1297" 1 1 1
"z.1298" 7 7 7
"z.1299" 7 7 7
"z.1300" 9 9 9
"z.1301" 1 1 1
"z.1302" 1 1 1
"z.1303" 1 1 1
"z.1304" 9 9 9
"z.1305" 1 1 1
"z.1306" 6 6 6
"z.1307" 5 5 5
"z.1308" 6 6 6
"z.1309" 6 6 6
"z.1310" 8 8 8
"z.1311" 6 6 6
"z.1312" 8 8 8
"z.1313" 7 7 7
"z.1314" 6 6 6
"z.1315" 3 3 3
"z.1316" 6 6 6
"z.1317" 1 1 1
"z.1318" 1 1 1
"z.1319" 6 6 6
"z.1320" 4 4 4
"z.1321" 3 3 3
"z.1322" 3 3 3
"z.1323" 6 6 6
"z.1324" 6 6 6
"z.1325" 1 1 1
"z.1326" 3 3 3
"z.1327" 8 8 8
"z.1328" 1 1 1
"z.1329" 1 1 1
"z.1330" 1 1 1
"z.1331" 1 1 1
"z.1332" 6 6 6
"z.1333" 6 6 6
"z.1334" 8 8 8
"z.1335" 1 1 1
"z.1336" 1 1 1
"z.1337" 1 1 1
"z.1338" 1 1 1
"z.1339" 4 4 4
"z.1340" 3 3 3
"z.1341" 8 8 8
"z.1342" 7 7 7
"z.1343" 8 8 8
"z.1344" 7 7 7
"z.1345" 6 6 6
"z.1346" 4 4 4
"z.1347" 4 4 4
"z.1348" 7 7 7
"z.1349" 7 7 7
"z.1350" 7 7 7
"z.1351" 7 7 7
"z.1352" 3 3 3
"z.1353" 3 3 3
"z.1354" 3 3 3
"z.1355" 3 3 3
"z.1356" 6 6 6
"z.1357" 1 1 1
"z.1358" 8 8 8
"z.1359" 1 1 1
"z.1360" 7 7 7
"z.1361" 7 7 7
"z.1362" 7 7 7
"z.1363" 7 7 7
"z.1364" 7 7 7
"z.1365" 8 8 8
"z.1366" 7 7 7
"z.1367" 6 6 6
"z.1368" 5 5 5
"z.1369" 1 1 1
"z.1370" 1 1 1
"z.1371" 4 4 4
"z.1372" 1 1 1
"z.1373" 7 7 7
"z.1374" 5 5 5
"z.1375" 5 5 5
"z.1376" 7 7 7
"z.1377" 2 2 2
"z.1378" 8 8 8
"z.1379" 6 6 6
"z.1380" 4 4 4
"z.1381" 1 1 1
"z.1382" 9 9 9
"z.1383" 1 1 1
"z.1384" 1 1 1
"z.1385" 1 1 1
"z.1386" 1 1 1
"z.1387" 1 1 1
"z.1388" 1 1 1
"z.1389" 9 9 9
"z.1390" 1 1 1
"z.1391" 1 1 1
"z.1392" 1 1 1
"z.1393" 2 2 2
"z.1394" 2 2 2
"z.1395" 4 4 4
"z.1396" 4 4 4
"z.1397" 1 1 1
"z.1398" 6 6 6
"z.1399" 4 4 4
"z.1400" 1 1 1
"z.1401" 2 2 2
"z.1402" 1 1 1
"z.1403" 1 1 1
"z.1404" 5 5 5
"z.1405" 6 6 6
"z.1406" 1 1 1
"z.1407" 1 1 1
"z.1408" 1 1 1
"z.1409" 6 6 6
"z.1410" 6 6 6
"z.1411" 8 8 8
"z.1412" 6 6 6
"z.1413" 3 3 3
"z.1414" 3 3 3
"z.1415" 6 6 6
"z.1416" 3 3 3
"z.1417" 8 8 8
"z.1418" 8 8 8
"z.1419" 1 1 1
"z.1420" 8 8 8
"z.1421" 9 9 9
"z.1422" 7 7 7
"z.1423" 5 5 5
"z.1424" 9 9 9
"z.1425" 5 5 5
"z.1426" 5 5 5
"z.1427" 5 5 5
"z.1428" 7 7 7
"z.1429" 7 7 7
"z.1430" 7 7 7
"z.1431" 9 9 9
"z.1432" 5 5 5
"z.1433" 7 7 7
"z.1434" 9 9 9
"z.1435" 7 7 7
"z.1436" 9 9 9
"z.1437" 7 7 7
"z.1438" 7 7 7
"z.1439" 5 5 5
"z.1440" 4 4 4
"z.1441" 1 1 1
"z.1442" 4 4 4
"z.1443" 5 5 5
"z.1444" 7 7 7
"z.1445" 3 3 3
"z.1446" 4 4 4
"z.1447" 8 8 8
"z.1448" 3 3 3
"z.1449" 4 4 4
"z.1450" 4 4 4
"z.1451" 5 5 5
"z.1452" 6 6 6
"z.1453" 7 7 7
"z.1454" 7 7 7
"z.1455" 7 7 7
"z.1456" 6 6 6
"z.1457" 6 6 6
"z.1458" 8 8 8
"z.1459" 1 1 1
"z.1460" 1 1 1
"z.1461" 4 4 4
"z.1462" 4 4 4
"z.1463" 8 8 8
"z.1464" 3 3 3
"z.1465" 5 5 5
"z.1466" 4 4 4
"z.1467" 1 1 1
"z.1468" 1 1 1
"z.1469" 6 6 6
"z.1470" 4 4 4
"z.1471" 7 7 7
"z.1472" 5 5 5
"z.1473" 3 3 3
"z.1474" 6 6 6
"z.1475" 6 6 6
"z.1476" 9 9 9
"z.1477" 5 5 5
"z.1478" 7 7 7
